tenant_name,removed_credit,reason,timestamp
"All-N-Express, LLC","ORAS Express, LLC",Completely different companies (All-N vs ORAS),2025-08-10 19:09:35
"Bates Enterprises, Inc.","Insight Enterprises, Inc.",Completely different companies (Bates vs Insight),2025-08-10 19:09:35
"Motion Industries, Inc.","Ox Industries, Inc.",Completely different companies (Motion vs Ox),2025-08-10 19:09:35
"Ehmke Manufacturing Co., Inc","CNC Manufacturing, Inc.",Completely different companies (Ehmke vs CNC),2025-08-10 19:09:35
